10006 -16 2176 16 2176
10006 256 2176 16 2176
10003 -64 2176 32 2176
10003 288 2176 32 2176
10000 -32 46 320 10
10001 160 78 128 10
10001 128 110 96 10
10001 96 142 128 10
10001 -32 174 160 10
10001 160 174 128 10
10001 32 206 64 10
10001 128 222 160 10
10001 -32 238 96 10
10001 192 254 96 10
10001 64 270 96 10
10001 -32 302 160 10
10001 32 334 160 10
10001 -32 366 96 10
10001 192 366 96 10
10001 32 414 32 10
10001 128 414 160 10
10001 32 446 64 10
10001 -32 478 160 10
10001 160 494 128 10
10001 -32 526 320 10
10001 -32 574 96 10
10001 -32 622 160 10
10001 64 654 224 10
10001 32 686 64 10
10001 128 718 160 10
10001 32 750 96 10
10001 -32 782 96 10
10001 -32 830 288 10
10001 192 862 96 10
10001 160 894 128 10
10001 -32 910 96 10
10001 128 926 96 10
10001 32 942 64 10
10001 -32 974 96 10
10001 192 990 96 10
10001 32 1038 96 10
10001 160 1038 128 10
10001 -32 1070 128 10
10001 160 1134 32 10
10001 128 1182 64 10
10001 160 1214 64 10
10001 -32 1246 64 10
10001 64 1246 96 10
10001 128 1278 64 10
10001 64 1326 160 10
10001 32 1358 96 10
10001 64 1406 96 10
10001 192 1406 96 10
10001 192 1438 32 10
10001 160 1470 128 10
10001 32 1486 96 10
10001 -32 1534 128 10
10001 192 1614 96 10
10001 160 1646 128 10
10001 -32 1678 256 10
10001 128 1710 160 10
10001 -32 1726 128 10
10001 96 1758 96 10
10001 -32 1790 160 10
10001 160 1806 128 10
10001 32 1838 64 10
10001 128 1870 160 10
10001 -32 1918 320 10
10001 0 1966 256 10
10005 64 976 64 160
10005 96 1088 96 192
10005 64 1584 64 224
10 128 92 0 0
9999 0 240 0 0
