10000 32 126 128 10
10001 160 126 224 10
10000 160 94 96 10
10000 256 62 32 10
10000 288 30 64 10
10000 352 62 32 10
10000 384 126 32 10
10000 416 94 64 10
10001 416 126 64 10
10000 480 126 128 10
10001 608 126 128 10
10000 608 30 64 10
10001 640 78 32 10
10000 672 78 64 10
10000 736 126 672 10
10001 1376 158 192 10
10001 1408 126 32 10
10000 1408 30 96 10
10000 1504 78 64 10
10000 1568 158 32 10
10001 1600 158 288 10
10000 1600 94 128 10
10000 1728 30 192 10
10001 1728 94 96 10
10001 1856 126 128 10
10000 1984 126 32 10
10001 2016 126 64 10
10000 2016 62 64 10
10001 2048 158 32 10
10000 2080 158 32 10
10001 2112 158 32 10
10000 2112 78 32 10
10000 2144 158 32 10
10001 2176 158 32 10
10000 2176 94 96 10
10001 2272 126 32 10
10001 2304 126 32 10
10001 2400 94 64 10
10000 2400 30 32 10
10000 2432 62 96 10
10000 2528 126 32 10
10001 2560 158 64 10
10001 2560 126 32 10
10000 2560 30 32 10
10000 2592 78 32 10
10000 2656 126 32 10
10001 2688 126 32 10
10000 2688 94 96 10
10001 2784 94 64 10
10000 2784 30 96 10
10000 2912 62 64 10
10000 3008 94 64 10
10001 3040 126 128 10
10000 3040 30 240 10
10001 3072 78 96 10
10001 3168 94 32 10
10001 3200 62 32 10
