#Lính chết bị nổ :
#Infary
205501	1	7	101
205502	2	7	101
205503	3	7	101

#sniper
405501	1	7	101
405502	2	7	101
405503	3	7	101

#red_gunner
305501	1	7	101
305502	2	7	101
305503	3	7	101

#scuba_driver
605501	1	7	101
605502	2	7	101
605503	3	7	101

#Bush_sniper
515501	1	7	101
515502	2	7	101
515503	3	7	101

#Sneaky_Sniper
505501	1	7	101
505502	2	7	101
505503	3	7	101


#Công trình bị hủy (style đạn, ô style đạn cũng tương tự):
#turret
805501	9	5	101
805502	7	6	101
805503	6	6	101
805504	7	6	101

#red_turret
775501	9	5	101
775502	7	6	101
775503	6	6	101
775504	7	6	101
