[SPRITES]
1600101	0	195	65	260	101
1600201	65	195	130	260	101
1600301	130	195	195	260	101

1600401	0	0	255	193	106
1600402	256	0	511	193	106
1600403	512	0	767	193	106
1600404	768	0	1023	193	106
1600406	1024	0	1279	193	106
1600407	1280	0	1535	193	106
1600501	585	455	649	519	101
1600601	0	260	64	324	101
1600701	65	260	129	324	101
1600702	130	260	194	324	101
1600703	195	260	259	324	101
1600704	260	260	324	324	101
[ANIMATIONS]
160010	1600101	10000
160020	1600201	10000
160030	1600301	10000

160040	1600401	400	1600402	400	1600403	400	1600404	400	1600404 10000 1
160050	1600404	400	1600406	400	1600407	400	1600407	400	1
160060	1600407	400	1600406	400	1600404	400	1600404	400	1

160070	1600501	5000	1
160080	1600601	5000	1
160090	1600701	400	1600702	400	1600703	400	1600704	400
