# id	left	top	right	bottom	texture_id
[SPRITES]
###########NORMAL##############333
#IDLE
100001	415	24	439	58	0
100011	1628	24	1652	58	0

#WALK RIGHT

101001	415	24	439	58	0
101002	480	24	504	58	0
101003	545	24	569	58	0
101004	610	24	634	58	0
101005	675	24	699	58	0
101006	740	24	764	58	0

#RUNNING LEFT
101011	1628	24	1652	58	0
101012	1563	24	1587	58	0
101013	1498	24	1522	58	0
101014	1433	24	1457	58	0
101015	1368	24	1392	58	0
101016	1303	24	1327	58	0

#JUMP RUN RIGHT & LEFT
104001	805	98	820	117	0
104002	870	98	885	117	0
104003	935	98	950	117	0
104004	1000	98	1015	117	0

104011	1247	98	1262	117	0
104012	1182	98	1197	117	0
104013	1117	98	1132	117	0
104014	1052	98	1067	117	0

#SIT RIGHT & LEFT 
103001	927	42	958	57	0
103011	1109	42	1140	57	0

#DIE
13001	992	243	1023	252	0
# ani_id	sprite1_id	time1	sprite2_id	time2	...
[ANIMATIONS]
10000	100001	100
10001	100011	100

#RUNNING RIGHT & LEFT
10100	101001	50	101002	50	101003	50	101004	50	101005	50	101006	50
10101	101011	50	101012	50	101013	50	101014	50	101015	50	101016	50

#JUMP RUN
800	104001	150	104002	150	104003	150	104004	150
801	104011	150	104012	150	104013	150	104014	150

#SIT RIGHT & LEFT 
900	103001	100
901	103011	100

#DIE
999	13001	100
