[SPRITES]
9598001	39	4	70	35	103
9598002	73	4	104	35	103
9598003	107	4	138	35	103
9598004	141	4	172	35	103
9598005	174	4	205	35	103
9598006	208	4	239	35	103
9598007	242	4	273	35	103
#box
9597000	76	146	99	159	105
#M
9597001	130	130	195	195	101
#B
9597002	195	130	260	195	101
#F
9597003	260	130	325	195	101
#S
9597004	325	130	390	195	101
#L
9597005	390	130	455	195	101
#R
9597006	237	130	260	195	101
[ANIMATIONS]
#wind up
959800	9598001	100	9598002	100	9598003	100	9598004	100	9598005	100	9598006	100	9598007	100	9598007	100	1
#loop
958810	9598005	100	9598007	100

958820	9597000	100
958830	9597001	100
958840	9597002	100
958850	9597003	100
958860	9597004	100
958870	9597005	100
958880	9597006	100